[ -6.29003939e+03,  -1.16974083e+03],
       [ -6.47783431e+03,  -1.98551068e+03],
       [ -6.93823509e+03,  -1.26716373e+03],
       [ -5.57061489e+03,  -1.96419970e+03],
       [  8.76689217e+02,   6.91120900e+03],
       [  6.13047833e+03,  -2.05599089e+03],
       [ -9.82501166e+02,   7.16916045e+03],
       [ -2.85907149e+02,   6.94404651e+03],
       [ -6.39413252e+03,  -1.52946511e+03],
       [  5.73201263e+03,  -1.62248429e+03],
       [ -6.64055941e+03,  -1.14456398e+03],
       [  6.50779309e+03,  -2.13551651e+03],
       [ -6.46640095e+03,  -1.96797496e+03],
       [  1.07261889e+03,   6.85100554e+03],
       [  2.78208790e+03,  -2.31552656e+03],
       [  4.80589356e+02,   6.74902550e+03],
       [  5.32570628e+03,  -2.06997998e+03],
       [  6.97145280e+03,  -3.44457545e+03],
       [  1.04155550e+03,   7.06277675e+03],
       [  5.52010344e+03,  -2.88133001e+03],
       [  6.05858380e+03,  -2.90064419e+03],
       [  1.55351564e+03,   6.61631683e+03],
       [ -6.83398004e+03,  -1.79085472e+03],
       [ -6.83143805e+03,  -1.55240956e+03],
       [  6.29081598e+03,  -2.80360343e+03],
       [  6.11139838e+03,  -3.00393530e+03],
       [  1.01604903e+03,   6.66275923e+03],
       [ -6.32899587e+03,  -1.77280774e+03],
       [  1.17091144e+03,   6.75751069e+03],
       [  6.51702566e+03,  -2.98947326e+03],
       [  7.36677368e+03,  -2.61164814e+03],
       [ -6.49338816e+03,  -1.90766641e+03],
       [ -4.94904643e+03,  -2.23592216e+03],
       [  7.14921101e+03,  -2.67493381e+03],
       [ -6.19138836e+03,  -1.23030132e+03],
       [  6.64913054e+03,  -2.00095899e+03],
       [  2.00594994e+03,  -1.81714510e+03],
       [  5.23033794e+03,  -1.92811768e+03],
       [ -5.86030933e+03,  -1.67901935e+03],
       [ -6.74020643e+03,  -1.69973201e+03],
       [ -6.79565546e+03,  -1.36220586e+03],
       [  6.33256054e+03,  -3.17032807e+03],
       [ -6.44779238e+03,  -1.97018612e+03],
       [  4.11048438e+02,   6.98565279e+03],
       [ -6.12647854e+03,  -1.43631585e+03],
       [  1.23906544e+03,   6.51446327e+03],
       [ -5.93570205e+03,  -1.29318360e+03],
       [  4.19864836e+03,  -1.27231645e+03],
       [ -6.11556133e+03,  -1.90797261e+03],
       [ -6.52363321e+03,  -1.17664419e+03],
       [  5.54432978e+03,  -2.07603108e+03],
       [ -6.15671144e+03,  -1.78567968e+03],
       [  3.56778386e+03,  -1.18995853e+03],
       [  9.48389202e+02,   7.06114035e+03],
       [ -6.60015357e+03,  -1.81924335e+03],
       [  1.48098417e+03,   6.70809298e+03],
       [  4.93361317e+03,  -2.73357956e+03],
       [  6.93105814e+03,  -2.31877008e+03],
       [ -5.81918555e+03,  -1.95600227e+03],
       [ -6.61754500e+03,  -1.90184099e+03],
       [  4.48090964e+03,  -1.70746471e+03],
       [  8.47667651e+02,   6.88236134e+03],
       [  1.90904146e+03,   6.44699319e+03],
       [  4.20020397e+03,  -2.26708002e+03],
       [ -6.46636036e+03,  -1.08884075e+03],
       [ -6.91160559e+03,  -1.14080720e+03],
       [  2.08723024e+03,  -1.88367982e+03],
       [  3.95069100e+03,  -1.01924327e+03],
       [  6.57173101e+03,  -2.42394760e+03],
       [  4.34404710e+02,   7.24551195e+03],
       [ -6.87275498e+03,  -1.78701014e+03],
       [ -5.22681526e+03,  -2.21277180e+03],
       [  5.61676865e+03,  -2.62229105e+03],
       [  7.41772814e+03,  -3.10428327e+03],
       [  4.66319844e+00,   7.03579882e+03],
       [  7.24075855e+03,  -3.07722999e+03],
       [  3.83613190e+03,  -1.66251575e+03],
       [ -5.96854096e+03,  -1.38993471e+03],
       [  2.16849470e+03,   5.71982099e+03],
       [ -6.80166424e+03,  -1.29563042e+03],
       [ -5.77667712e+03,  -1.66935332e+03],
       [  1.48540799e+03,   6.67237737e+03],
       [  7.47354990e+03,  -3.43921632e+03],
       [ -5.93703497e+03,  -1.93287429e+03],
       [ -5.31152925e+03,  -2.06466352e+03],
       [  2.08655017e+03,   6.49209603e+03],
       [  7.14171509e+03,  -2.36398853e+03],
       [ -5.86051001e+03,  -1.44193355e+03],
       [  3.91332467e+03,  -1.74930527e+03],
       [  5.89817475e+03,  -2.06863499e+03],
       [  8.57351735e+02,   6.87440308e+03],
       [  6.54549316e+03,  -3.52491109e+03],
       [ -6.67919504e+03,  -1.15503228e+03],
       [  6.76671870e+02,   6.92191172e+03],
       [  1.53988201e+03,   6.58993292e+03],
       [  5.78102056e+03,  -2.57850078e+03],
       [  6.97936058e+03,  -2.71763797e+03],
       [ -5.76730497e+03,  -2.05793696e+03],
       [ -5.98762580e+03,  -2.18356013e+03],
       [  2.68781578e+03,  -2.72063366e+03]